%YAML:1.0
camera_matrix: !!opencv-matrix
   rows: 4
   cols: 4
   dt: d
   data: [0.99998939, -0.00459402,  0.00032586, -0.00107491,
         0.0045972,   0.99993382, -0.01054608,  0.00339225,
        -0.00027739,  0.01054747,  0.99994434,  0.02843741,
         0.0, 0.0, 0.0, 1.0]
distortion_coefficients: !!opencv-matrix
   rows: 4
   cols: 1
   dt: d
   data: [0.34610989806637954, 0.11497394690333039, 0.09283198659020588, 0.011326272488628174]
